101001 00001 00000 0000 0000 0000 0000
101001 00010 00000 0000 0000 0000 0000


101001 00100 00000 0000 0000 0000 0000
010101 00100 00100 00001 00000 000000


101001 00011 00000 0000 0000 0000 0000
010101 00011 00011 00010 00000 000000


100101 00011 00011 0000 0000 0000 0000
111110 00 0000 0000 0000 0000 0001 0010
100101 00100 00100 0000 0000 0001 0100
100110 00011 00011 0000 0000 0000 0001
111101 00 0000 0000 0000 0000 0000 1101


100110 00011 00001 0000 0000 0000 0000
111110 00 0000 0000 0000 0000 0010 0011

100110 00011 00010 0000 0000 0000 0000
111110 00 0000 0000 0000 0000 0010 0011

100110 00011 00001 0000 0000 0001 0011
111110 00 0000 0000 0000 0000 0010 0011

100110 00011 00010 0000 0000 0001 0011
111110 00 0000 0000 0000 0000 0010 0011


111101 00 0000 0000 0000 0000 0010 1110


101001 00011 00000 0000 0000 0000 0000


100101 00100 00100 0000 0001 1001 0000


011010 00011 00100 00000 00000 000000

111101 00 0000 0000 0000 0000 0110 0110




011001 00011 00100 00000 00000 000000

100110 00011 00011 0000 0000 1111 1111
111110 00 0000 0000 0000 0000 0011 1011
101001 00011 00000 0000 0000 0000 0000
100101 00100 00100 0000 0001 1001 0000
011010 00011 00100 00000 00000 000000

111101 00 0000 0000 0000 0000 0110 0110


101001 00101 00000 0000 0000 0000 0000


100110 00101 00100 0000 0000 0000 0001
011001 00011 00101 00000 00000 000000
100110 00011 00011 0000 0000 0000 0000
111110 00 0000 0000 0000 0000 0101 1000


100101 00101 00100 0000 0000 0000 0001
011001 00011 00101 00000 00000 000000
100110 00011 00011 0000 0000 0000 0000
111110 00 0000 0000 0000 0000 0101 1000


100110 00101 00100 0000 0000 0001 0100
011001 00011 00101 00000 00000 000000
100110 00011 00011 0000 0000 0000 0000
111110 00 0000 0000 0000 0000 0101 1000


100101 00101 00100 0000 0000 0001 0100
011001 00011 00101 00000 00000 000000
100110 00011 00011 0000 0000 0000 0000
111110 00 0000 0000 0000 0000 0101 1000

111101 00 0000 0000 0000 0000 0101 1111


100101 00100 00100 0000 0001 1001 0000
101001 00011 00000 0000 0000 0000 0000
011010 00011 00100 00000 00000 000000

111101 00 0000 0000 0000 0000 0110 0110


100101 00100 00100 0000 0001 1001 0000
101001 00011 00000 0000 0000 1111 1111
011010 00011 00100 00000 00000 000000

111101 00 0000 0000 0000 0000 0110 0110



100101 00010 00010 0000 0000 0000 0001


100110 00011 00010 0000 0000 0001 0100
111110 00 0000 0000 0000 0000 0111 0001


111101 00 0000 0000 0000 0000 0000 0011


100101 00001 00001 0000 0000 0000 0001
100110 00011 00001 0000 0000 0001 0100
111110 00 0000 0000 0000 0000 0111 1001


111101 00 0000 0000 0000 0000 0000 0010


111111 00 0000 0000 0000 0000 0000 0000