101001 00001 00000 0000000000000000
101001 00010 00000 0000000000000000
101001 00100 00000 0000000000000000
010101 00100 00100 00001 00000 000000
101001 00011 00000 0000000000000000
010101 00011 00011 00010 00000 000000
101001 00111 00000 0000000000000000
111110 00011 00111 0000000000001100
100101 00100 00100 0000000000010100
100110 00011 00011 0000000000000001
111101 00000000000000000000000111
101001 00111 00000 0000000000000000
111110 00001 00111 0000000000010101
101001 00111 00000 0000000000000000
111110 00010 00111 0000000000010101
101001 00111 00000 0000000000010011
111110 00001 00111 0000000000010101
101001 00111 00000 0000000000010011
111110 00010 00111 0000000000010101
111101 00000000000000000000011001
101001 00011 00000 0000000000000000
100101 00100 00100 0000000110010000
011010 00011 00100 00000 00000 000000
111101 00000000000000000000111010
011001 00011 00100 00000 00000 000000
101001 00111 00000 0000000011111111
111110 00011 00111 0000000000100000
101001 00011 00000 0000000000000000
100101 00100 00100 0000000110010000
011010 00011 00100 00000 00000 000000
111101 00000000000000000000111010
101001 00101 00000 0000000000000000
100110 00101 00100 0000000000000001
011001 00011 00101 00000 00000 000000
101001 00111 00000 0000000000000000
111110 00011 00111 0000000000110010
100101 00101 00100 0000000000000001
011001 00011 00101 00000 00000 000000
101001 00111 00000 0000000000000000
111110 00011 00111 0000000000110010
100110 00101 00100 0000000000010100
011001 00011 00101 00000 00000 000000
101001 00111 00000 0000000000000000
111110 00011 00111 0000000000110010
100101 00101 00100 0000000000010100
011001 00011 00101 00000 00000 000000
101001 00111 00000 0000000000000000
111110 00011 00111 0000000000110010
111101 00000000000000000000110110
100101 00100 00100 0000000110010000
101001 00011 00000 0000000000000000
011010 00011 00100 00000 00000 000000
111101 00000000000000000000111010
100101 00100 00100 0000000110010000
101001 00011 00000 0000000011111111
011010 00011 00100 00000 00000 000000
111101 00000000000000000000111010
100101 00010 00010 0000000000000001
101001 00111 00000 0000000000010100
111110 00010 00111 0000000000111110
111101 00000000000000000000000011
100101 00001 00001 0000000000000001
101001 00111 00000 0000000000010100
111110 00001 00111 0000000001000010
111101 00000000000000000000000010
111111 11111111111111111111111111
